minmax  11a 0   3  87.17     11.0      62.31     
minmax  11a 1   3  91.9      11.01     62.71     
minmax  11a 2   3  81.78     11.0      63.56     
minmax  11a 3   3  93.52     11.0      63.44     
minmax  11a 4   3  91.01     11.01     62.9      
minmax  11a 5   3  77.17     11.01     64.27     
minmax  11a 6   3  87.6      11.01     60.34     
minmax  11a 7   3  81.45     11.01     63.82     
minmax  11a 8   3  91.41     11.0      70.39     
minmax  11a 9   3  87.6      11.0      62.71     
minmax  11b 0   3  85        11.0      63.09     
minmax  11b 1   3  88        11.01     63.41     
minmax  11b 2   3  86        11.01     59.83     
minmax  11b 3   3  82        11.01     62.03     
minmax  11b 4   3  73        11.0      62.49     
minmax  11b 5   3  85        11.0      62.62     
minmax  11b 6   3  73        11.01     59.5      
minmax  11b 7   3  73        11.0      61.9      
minmax  11b 8   3  89        11.01     62.43     
minmax  11b 9   3  90        11.01     62.62     
minmax  12a 0   3  93.88     12.01     59.89     
minmax  12a 1   3  93.52     12.01     58.91     
minmax  12a 2   3  85.62     12.01     59.21     
minmax  12a 3   3  93.88     12.0      60.71     
minmax  12a 4   3  93.72     12.0      59.36     
minmax  12a 5   3  93.39     12.01     58.85     
minmax  12a 6   3  87.6      12.0      60.4      
minmax  12a 7   3  93.83     12.0      58.74     
minmax  12a 8   3  93.4      12.01     60.31     
minmax  12a 9   3  87.6      12.01     58.5      
minmax  12b 0   3  1022      12.01     58.09     
minmax  12b 1   3  1008      12.01     59.65     
minmax  12b 2   3  985       12.0      58.41     
minmax  12b 3   3  983       12.01     57.74     
minmax  12b 4   3  988       12.01     59.5      
minmax  12b 5   3  997       12.01     57.77     
minmax  12b 6   3  1012      12.0      58.21     
minmax  12b 7   3  997       12.0      58.3      
minmax  12b 8   3  997       12.01     57.66     
minmax  12b 9   3  985       12.01     57.69     
minmax  16  0   3  111.77    16.01     51.11     
minmax  16  1   3  114.06    16.0      51.24     
minmax  16  2   3  117.61    16.0      51.16     
minmax  16  3   3  114.49    16.01     50.91     
minmax  16  4   3  114.1     16.01     51.14     
minmax  16  5   3  113.89    16.0      51.03     
minmax  16  6   3  110.16    16.0      51.47     
minmax  16  7   3  114.75    16.01     51.34     
minmax  16  8   3  111.78    16.0      51.26     
minmax  16  9   3  117.0     16.0      51.5      
minmax  51  0   3  224.55    51.0      40.49     
minmax  51  1   3  223.95    51.04     45.76     
minmax  51  2   3  227.71    51.02     42.84     
minmax  51  3   3  233.07    51.02     47.11     
minmax  51  4   3  244.82    51.01     43.95     
minmax  51  5   3  229.87    51.01     40.79     
minmax  51  6   3  240.46    51.01     44.74     
minmax  51  7   3  232.12    51.02     46.27     
minmax  51  8   3  220.39    51.02     39.92     
minmax  51  9   3  215.19    51.0      41.68     
minmax  51  0   5  181.19    51.0      39.13     
minmax  51  1   5  190.04    51.01     39.03     
minmax  51  2   5  157.89    51.03     34.76     
minmax  51  3   5  206.05    51.0      37.6      
minmax  51  4   5  195.23    51.03     38.7      
minmax  51  5   5  155.78    51.0      38.82     
minmax  51  6   5  189.43    51.02     35.53     
minmax  51  7   5  182.51    51.01     37.35     
minmax  51  8   5  200.18    51.01     36.36     
minmax  51  9   5  207.11    51.01     40.42     
minmax  51  0   10 164.35    51.0      29.23     
minmax  51  1   10 160.47    51.0      30.52     
minmax  51  2   10 139.51    51.04     28.6      
minmax  51  3   10 157.46    51.01     30.13     
minmax  51  4   10 162.16    51.01     30.26     
minmax  51  5   10 153.49    51.02     32.18     
minmax  51  6   10 154.69    51.0      31.18     
minmax  51  7   10 155.33    51.0      26.93     
minmax  51  8   10 159.34    51.03     27.61     
minmax  51  9   10 154.06    51.03     30.52     
minmax  100 0   3  11562.1   100.04    52.51     
minmax  100 1   3  12650.39  100.1     52.83     
minmax  100 2   3  11627.39  100.17    53.22     
minmax  100 3   3  11165.9   100.11    51.32     
minmax  100 4   3  11568.87  100.1     53.76     
minmax  100 5   3  11484.41  100.02    53.01     
minmax  100 6   3  11817.02  100.02    52.48     
minmax  100 7   3  11587.05  100.17    51.55     
minmax  100 8   3  12368.07  100.1     53.17     
minmax  100 9   3  11517.83  100.01    53.12     
minmax  100 0   5  9434.79   100.02    41.02     
minmax  100 1   5  9891.02   100.15    41.06     
minmax  100 2   5  10012.47  100.03    42.35     
minmax  100 3   5  9904.79   100.03    40.24     
minmax  100 4   5  9950.9    100.02    41.47     
minmax  100 5   5  10243.33  100.13    40.0      
minmax  100 6   5  9557.71   100.1     41.28     
minmax  100 7   5  9836.92   100.0     40.38     
minmax  100 8   5  9740.44   100.01    41.04     
minmax  100 9   5  10093.45  100.08    40.51     
minmax  100 0   10 8521.39   100.02    27.29     
minmax  100 1   10 7952.98   100.06    26.37     
minmax  100 2   10 7778.51   100.01    25.57     
minmax  100 3   10 8115.93   100.01    26.28     
minmax  100 4   10 7871.59   100.06    26.07     
minmax  100 5   10 8338.58   100.01    26.03     
minmax  100 6   10 8797.91   100.01    27.39     
minmax  100 7   10 8298.38   100.0     26.37     
minmax  100 8   10 7878.62   100.05    26.85     
minmax  100 9   10 7907.28   100.04    27.08     
minmax  100 0   20 6843.91   100.02    16.16     
minmax  100 1   20 7375.09   100.01    16.17     
minmax  100 2   20 6745.07   100.0     18.11     
minmax  100 3   20 6618.96   100.02    14.85     
minmax  100 4   20 7065.78   100.05    15.98     
minmax  100 5   20 6797.31   100.01    15.02     
minmax  100 6   20 6965.16   100.01    16.92     
minmax  100 7   20 6957.72   100.0     15.2      
minmax  100 8   20 6936.52   100.02    16.86     
minmax  100 9   20 7208.88   100.03    18.28     
minmax  128 0   10 5397      128.15    41.76     
minmax  128 1   10 5507      128.06    41.87     
minmax  128 2   10 4811      128.16    42.93     
minmax  128 3   10 5408      128.04    40.14     
minmax  128 4   10 5290      128.13    40.04     
minmax  128 5   10 5160      128.2     36.58     
minmax  128 6   10 4906      128.08    41.26     
minmax  128 7   10 5138      128.18    41.95     
minmax  128 8   10 5338      128.15    39.07     
minmax  128 9   10 5429      128.03    38.43     
minmax  128 0   15 4236      128.08    30.47     
minmax  128 1   15 4451      128.0     30.54     
minmax  128 2   15 3789      128.01    30.75     
minmax  128 3   15 3731      128.08    27.99     
minmax  128 4   15 3950      128.05    29.02     
minmax  128 5   15 4462      128.02    36.43     
minmax  128 6   15 4350      128.07    30.8      
minmax  128 7   15 4771      128.02    31.09     
minmax  128 8   15 4329      128.16    32.83     
minmax  128 9   15 4516      128.01    30.04     
minmax  128 0   30 3752      128.01    18.63     
minmax  128 1   30 4268      128.02    15.87     
minmax  128 2   30 3475      128.05    17.85     
minmax  128 3   30 3613      128.12    17.89     
minmax  128 4   30 3678      128.06    16.66     
minmax  128 5   30 3714      128.1     18.67     
minmax  128 6   30 3714      128.0     15.54     
minmax  128 7   30 3422      128.04    14.28     
minmax  128 8   30 3714      128.0     17.23     
minmax  128 9   30 4121      128.02    17.11     
minmax  150 0   3  16986.88  150.19    70.75     
minmax  150 1   3  16922.26  150.21    69.59     
minmax  150 2   3  17373.61  150.15    73.34     
minmax  150 3   3  17408.52  150.42    71.24     
minmax  150 4   3  16984.58  150.17    71.28     
minmax  150 5   3  17215.96  150.26    70.6      
minmax  150 6   3  17452.17  150.25    71.85     
minmax  150 7   3  17744.61  150.43    70.67     
minmax  150 8   3  17120.08  150.54    70.32     
minmax  150 9   3  16759.04  150.07    72.39     
minmax  150 0   5  14229.09  150.26    60.92     
minmax  150 1   5  13850.84  150.08    60.28     
minmax  150 2   5  14034.0   150.04    60.46     
minmax  150 3   5  14047.15  150.25    60.77     
minmax  150 4   5  13960.46  150.02    61.16     
minmax  150 5   5  13925.26  150.35    60.8      
minmax  150 6   5  13607.27  150.22    61.59     
minmax  150 7   5  14147.46  150.22    59.21     
minmax  150 8   5  14135.38  150.3     60.1      
minmax  150 9   5  14032.86  150.01    60.43     
minmax  150 0   10 11324.27  150.03    43.64     
minmax  150 1   10 11732.04  150.22    45.81     
minmax  150 2   10 11405.4   150.01    43.51     
minmax  150 3   10 11732.04  150.08    45.81     
minmax  150 4   10 11027.32  150.2     44.01     
minmax  150 5   10 11051.3   150.16    43.64     
minmax  150 6   10 11493.3   150.32    44.12     
minmax  150 7   10 11564.99  150.24    41.34     
minmax  150 8   10 11526.82  150.0     43.68     
minmax  150 9   10 11522.95  150.17    43.42     
minmax  150 0   20 8941.84   150.02    26.73     
minmax  150 1   20 9841.0    150.02    29.1      
minmax  150 2   20 9782.84   150.07    27.44     
minmax  150 3   20 9466.68   150.08    26.24     
minmax  150 4   20 9476.86   150.01    31.67     
minmax  150 5   20 9718.32   150.02    25.75     
minmax  150 6   20 9889.5    150.01    27.39     
minmax  150 7   20 9853.34   150.0     28.02     
minmax  150 8   20 9771.39   150.0     27.73     
minmax  150 9   20 9615.69   150.21    30.13     
minmax  150 0   30 9304.49   150.12    20.12     
minmax  150 1   30 8648.2    150.04    20.97     
minmax  150 2   30 8314.92   150.01    20.74     
minmax  150 3   30 8764.1    150.03    20.64     
minmax  150 4   30 8577.14   150.05    20.84     
minmax  150 5   30 7727.41   150.02    17.42     
minmax  150 6   30 9262.15   150.0     25.7      
minmax  150 7   30 8892.35   150.04    22.07     
minmax  150 8   30 8584.89   150.0     19.23     
minmax  150 9   30 8830.9    150.02    20.88     
minsum  11a 0   3  197.91    11.0      53.33     
minsum  11a 1   3  207.18    11.01     57.54     
minsum  11a 2   3  205.27    11.0      57.63     
minsum  11a 3   3  197.91    11.0      56.94     
minsum  11a 4   3  204.54    11.01     56.4      
minsum  11a 5   3  201.1     11.01     56.74     
minsum  11a 6   3  217.97    11.01     57.4      
minsum  11a 7   3  202.08    11.01     56.86     
minsum  11a 8   3  204.73    11.0      56.94     
minsum  11a 9   3  204.73    11.01     55.54     
minsum  11b 0   3  145       11.0      56.91     
minsum  11b 1   3  139       11.01     55.54     
minsum  11b 2   3  151       11.0      56.6      
minsum  11b 3   3  135       11.01     54.57     
minsum  11b 4   3  135       11.01     55.45     
minsum  11b 5   3  145       11.01     55.73     
minsum  11b 6   3  145       11.01     56.38     
minsum  11b 7   3  144       11.0      55.4      
minsum  11b 8   3  145       11.01     56.23     
minsum  11b 9   3  151       11.0      54.65     
minsum  12a 0   3  211.5     12.01     55.04     
minsum  12a 1   3  209.26    12.0      54.98     
minsum  12a 2   3  206.62    12.01     55.4      
minsum  12a 3   3  213.21    12.01     54.79     
minsum  12a 4   3  208.54    12.01     53.73     
minsum  12a 5   3  202.45    12.01     53.54     
minsum  12a 6   3  202.45    12.01     53.52     
minsum  12a 7   3  203.43    12.01     54.63     
minsum  12a 8   3  205.89    12.01     54.06     
minsum  12a 9   3  203.43    12.01     54.08     
minsum  12b 0   3  2297      12.0      42.48     
minsum  12b 1   3  2297      12.0      43.86     
minsum  12b 2   3  2295      12.01     46.45     
minsum  12b 3   3  2295      12.01     51.32     
minsum  12b 4   3  2295      12.0      47.61     
minsum  12b 5   3  2425      12.0      51.37     
minsum  12b 6   3  2295      12.01     45.9      
minsum  12b 7   3  2297      12.01     45.4      
minsum  12b 8   3  2297      12.01     45.17     
minsum  12b 9   3  2425      12.01     52.51     
minsum  16  0   3  243.31    16.01     45.04     
minsum  16  1   3  264.42    16.01     48.89     
minsum  16  2   3  275.92    16.0      45.69     
minsum  16  3   3  265.36    16.01     48.42     
minsum  16  4   3  260.14    16.0      47.68     
minsum  16  5   3  241.56    16.0      44.45     
minsum  16  6   3  265.54    16.01     48.33     
minsum  16  7   3  270.59    16.01     48.5      
minsum  16  8   3  243.31    16.0      45.4      
minsum  16  9   3  252.89    16.01     48.13     
minsum  51  0   3  555.14    51.03     33.92     
minsum  51  1   3  528.18    51.04     32.75     
minsum  51  2   3  507.38    51.01     32.64     
minsum  51  3   3  472.29    51.02     32.57     
minsum  51  4   3  613.18    51.01     32.83     
minsum  51  5   3  490.88    51.01     32.47     
minsum  51  6   3  575.65    51.02     33.06     
minsum  51  7   3  494.96    51.02     32.5      
minsum  51  8   3  578.11    51.02     33.21     
minsum  51  9   3  579.18    51.01     33.6      
minsum  51  0   5  582.64    51.01     21.53     
minsum  51  1   5  638.8     51.0      21.29     
minsum  51  2   5  663.22    51.0      23.61     
minsum  51  3   5  722.09    51.01     22.96     
minsum  51  4   5  594.16    51.01     22.52     
minsum  51  5   5  716.0     51.0      21.79     
minsum  51  6   5  705.75    51.0      22.43     
minsum  51  7   5  695.08    51.0      22.29     
minsum  51  8   5  624.87    51.01     22.09     
minsum  51  9   5  638.37    51.0      23.13     
minsum  51  0   10 966.4     51.01     12.36     
minsum  51  1   10 919.71    51.0      11.9      
minsum  51  2   10 892.8     51.01     11.16     
minsum  51  3   10 872.75    51.01     11.0      
minsum  51  4   10 872.32    51.02     10.75     
minsum  51  5   10 919.78    51.01     12.13     
minsum  51  6   10 811.65    51.0      11.43     
minsum  51  7   10 823.87    51.01     11.49     
minsum  51  8   10 893.6     51.0      11.51     
minsum  51  9   10 885.99    51.0      11.43     
minsum  100 0   3  32448.9   100.01    55.54     
minsum  100 1   3  31211.48  100.02    53.6      
minsum  100 2   3  30700.35  100.04    56.26     
minsum  100 3   3  31464.79  100.15    54.57     
minsum  100 4   3  31841.92  100.15    57.31     
minsum  100 5   3  32254.91  100.0     56.09     
minsum  100 6   3  31620.51  100.0     56.91     
minsum  100 7   3  31617.18  100.18    55.29     
minsum  100 8   3  29602.78  100.15    54.96     
minsum  100 9   3  28377.1   100.01    54.27     
minsum  100 0   5  36408.07  100.01    42.67     
minsum  100 1   5  38292.68  100.11    45.13     
minsum  100 2   5  40801.95  100.07    46.27     
minsum  100 3   5  40170.36  100.01    43.57     
minsum  100 4   5  39496.79  100.17    44.68     
minsum  100 5   5  38132.41  100.09    44.97     
minsum  100 6   5  37818.15  100.0     41.57     
minsum  100 7   5  37286.45  100.07    46.73     
minsum  100 8   5  36813.57  100.08    46.95     
minsum  100 9   5  41060.01  100.09    47.61     
minsum  100 0   10 54400.92  100.01    23.7      
minsum  100 1   10 58539.38  100.03    27.26     
minsum  100 2   10 55746.84  100.01    28.22     
minsum  100 3   10 54429.11  100.04    27.7      
minsum  100 4   10 51366.36  100.02    26.58     
minsum  100 5   10 57840.53  100.07    29.6      
minsum  100 6   10 58821.86  100.02    29.57     
minsum  100 7   10 53433.54  100.13    31.17     
minsum  100 8   10 56935.88  100.01    28.51     
minsum  100 9   10 50789.8   100.05    28.06     
minsum  100 0   20 65259.83  100.07    8.39      
minsum  100 1   20 62939.0   100.06    7.42      
minsum  100 2   20 65950.54  100.01    8.34      
minsum  100 3   20 62493.62  100.07    7.6       
minsum  100 4   20 66150.26  100.05    8.24      
minsum  100 5   20 66017.87  100.01    8.57      
minsum  100 6   20 67380.51  100.05    10.59     
minsum  100 7   20 61589.43  100.0     9.11      
minsum  100 8   20 67571.86  100.0     8.57      
minsum  100 9   20 65918.92  100.1     7.16      
minsum  128 0   10 36727     128.06    52.38     
minsum  128 1   10 35533     128.01    51.32     
minsum  128 2   10 35866     128.06    51.57     
minsum  128 3   10 37032     128.04    50.3      
minsum  128 4   10 34734     128.04    52.8      
minsum  128 5   10 34645     128.07    53.28     
minsum  128 6   10 33780     128.05    53.09     
minsum  128 7   10 35830     128.1     51.34     
minsum  128 8   10 34015     128.07    52.25     
minsum  128 9   10 34726     128.13    53.46     
minsum  128 0   15 41835     128.08    41.61     
minsum  128 1   15 41367     128.01    41.47     
minsum  128 2   15 41557     128.11    40.51     
minsum  128 3   15 40411     128.03    42.2      
minsum  128 4   15 44013     128.04    41.22     
minsum  128 5   15 40516     128.08    43.16     
minsum  128 6   15 41992     128.06    42.39     
minsum  128 7   15 39686     128.04    41.95     
minsum  128 8   15 39748     128.08    43.64     
minsum  128 9   15 41430     128.02    38.96     
minsum  128 0   30 64382     128.0     20.83     
minsum  128 1   30 66183     128.0     21.92     
minsum  128 2   30 64042     128.03    20.42     
minsum  128 3   30 65283     128.02    20.37     
minsum  128 4   30 64188     128.06    20.85     
minsum  128 5   30 67363     128.0     21.59     
minsum  128 6   30 65007     128.01    24.01     
minsum  128 7   30 63588     128.04    20.32     
minsum  128 8   30 65464     128.01    20.01     
minsum  128 9   30 64642     128.03    22.19     
minsum  150 0   3  46954.65  150.43    74.6      
minsum  150 1   3  46689.87  150.36    78.46     
minsum  150 2   3  46928.45  150.21    77.88     
minsum  150 3   3  47606.05  150.11    73.82     
minsum  150 4   3  47599.16  150.19    77.14     
minsum  150 5   3  46416.76  150.47    73.16     
minsum  150 6   3  46606.24  150.24    78.34     
minsum  150 7   3  46603.14  150.29    76.18     
minsum  150 8   3  48157.2   150.05    74.37     
minsum  150 9   3  47534.84  150.04    77.53     
minsum  150 0   5  58938.91  150.37    70.39     
minsum  150 1   5  59473.65  150.25    65.34     
minsum  150 2   5  58343.97  150.03    64.11     
minsum  150 3   5  61285.87  150.28    65.96     
minsum  150 4   5  60152.33  150.04    69.38     
minsum  150 5   5  60958.28  150.06    61.78     
minsum  150 6   5  59709.68  150.11    69.48     
minsum  150 7   5  60078.3   150.12    67.77     
minsum  150 8   5  60059.08  150.4     66.42     
minsum  150 9   5  59426.4   150.21    67.23     
minsum  150 0   10 81644.61  150.15    49.75     
minsum  150 1   10 77833.35  150.14    46.36     
minsum  150 2   10 77798.27  150.02    47.23     
minsum  150 3   10 77099.4   150.17    45.67     
minsum  150 4   10 78019.02  150.2     46.15     
minsum  150 5   10 76297.29  150.05    48.3      
minsum  150 6   10 80087.94  150.12    46.25     
minsum  150 7   10 75347.46  150.28    46.5      
minsum  150 8   10 75444.95  150.06    48.3      
minsum  150 9   10 74038.13  150.01    48.5      
minsum  150 0   20 99532.24  150.05    22.82     
minsum  150 1   20 102648.4  150.01    22.78     
minsum  150 2   20 101218.99 150.09    23.64     
minsum  150 3   20 107104.03 150.09    23.43     
minsum  150 4   20 104615.18 150.01    23.57     
minsum  150 5   20 98045.02  150.13    26.25     
minsum  150 6   20 100548.61 150.09    23.48     
minsum  150 7   20 104009.16 150.18    24.85     
minsum  150 8   20 99251.5   150.11    22.59     
minsum  150 9   20 100125.86 150.04    23.67     
minsum  150 0   30 109758.78 150.02    12.64     
minsum  150 1   30 115620.71 150.01    11.73     
minsum  150 2   30 120098.69 150.01    12.49     
minsum  150 3   30 114534.97 150.01    12.99     
minsum  150 4   30 116997.72 150.03    13.53     
minsum  150 5   30 119386.69 150.03    13.07     
minsum  150 6   30 119079.93 150.02    13.07     
minsum  150 7   30 115146.26 150.01    13.15     
minsum  150 8   30 112686.87 150.0     11.1      
minsum  150 9   30 118154.98 150.12    14.15     
